10 307
11 10
12 13
13 308
28 309
29 28
30 11
31 30
32 33
33 12
48 29
49 48
50 31
51 50
52 53
53 32
68 49
69 68
70 51
71 70
72 73
73 52
88 69
89 88
90 71
91 90
92 93
93 72
108 89
109 108
110 91
111 110
112 113
113 92
128 109
129 128
130 111
131 130
132 133
133 112
148 129
149 148
150 131
151 150
152 153
153 132
168 149
169 168
170 151
171 170
172 173
173 152
188 169
189 188
190 171
191 190
192 193
193 172
208 189
209 208
210 191
211 210
212 213
213 192
228 209
229 228
230 211
231 230
232 233
233 212
248 228
249 248
250 231
251 250
252 253
253 232
268 249
269 268
270 252
271 251
272 271
273 270
288 269
289 288
290 329
291 313
292 312
307 8
308 9
309 0
310 273
311 272
312 311
313 310
328 289
329 328