336
332
350
347
366
363
382
379
398
395
414
411
427
430
443
446
459
462
475
478
491
494
507
510
515
518
#
528
524
542
539
558
555
574
571
590
587
606
603
619
622
635
638
651
654
667
670
683
686
699
702
707
710
#
720
716
734
731
750
747
766
763
782
779
798
795
811
814
827
830
843
846
859
862
875
878
891
894
899
902
#
912
908
926
923
942
939
958
955
974
971
990
987
1003
1006
1019
1022
1035
1038
1051
1054
1067
1070
1083
1086
1091
1094
#
1100
1104
1115
1118
1131
1134
1147
1150
1163
1166
1179
1182
1195
1198
1211
1214
1227
1230
1243
1246
1259
1262
1275
1278
1283
1286
#
1292
1296
1307
1310
1323
1326
1339
1342
1355
1358
1371
1374
1387
1390
1403
1406
1419
1422
1435
1438
1444
1447
1451
1454
#
1460
1464
1475
1478
1491
1494
1507
1510
1523
1526
1539
1542
1555
1558
1571
1574
1587
1590
1603
1606
1619
1622
1635
1638
1643
1646
#
1652
1656
1667
1670
1683
1686
1699
1702
1715
1718
1731
1734
1747
1750
1763
1766
1779
1782
1795
1798
1811
1814
1827
1830
1835
1838